euc_start_logging_20171005105615
euc 20171005105620.476325   0   62132
euc 20171005105620.572635   0   39070
euc 20171005105620.678999   0   53076
euc 20171005105620.784516   0   44012
euc 20171005105620.888162   0   44306
euc 20171005105620.995724   0   49041
euc 20171005105621.097116   0   45067
euc 20171005105621.222780   0   48878
euc 20171005105621.308531   0   34531
euc 20171005105621.414857   0   57147
euc 20171005105621.515680   1   36925
euc 20171005105621.621924   1   53008
euc 20171005105621.729915   1   49972
euc 20171005105621.834886   1   51224
euc 20171005105621.936947   1   27253
euc 20171005105622.042010   1   27826
euc 20171005105622.147647   1   49647
euc 20171005105622.248912   1   42879
euc 20171005105622.356452   1   49260
euc 20171005105622.469033   1   48970
euc 20171005105622.567773   2   42158
euc 20171005105622.672092   2   47680
euc 20171005105622.773830   2   43205
euc 20171005105622.897470   2   49812
euc 20171005105622.982803   2   24222
euc 20171005105623.089655   2   24443
euc 20171005105623.205199   2   42801
euc 20171005105623.306506   2   41787
euc 20171005105623.417870   2   37547
euc 20171005105623.508835   3   45508
euc 20171005105623.615113   3   47599
euc 20171005105623.718632   3   47092
euc 20171005105623.822002   3   24687
euc 20171005105623.943833   3   36821
euc 20171005105624.033062   3   42553
euc 20171005105624.132283   3   16060
euc 20171005105624.253348   3   40460
euc 20171005105624.351577   3   40025
euc 20171005105624.459993   3   38836
euc 20171005105624.558463   4   37326
euc 20171005105624.661469   4   23354
euc 20171005105624.767253   4   43337
euc 20171005105624.873784   4   43740
euc 20171005105624.988053   4   40396
euc 20171005105625.087712   4   39958
euc 20171005105625.190476   4   46508
euc 20171005105625.288179   4   38154
euc 20171005105625.406753   4   44344
euc 20171005105625.504624   5   37999
euc 20171005105625.607821   5   19564
euc 20171005105625.711264   5   51127
euc 20171005105625.824623   5   44869
euc 20171005105625.923248   5   30983
euc 20171005105626.028006   5   40785
euc 20171005105626.129629   5   39644
euc 20171005105626.243660   5   40050
euc 20171005105626.343292   5   40021
euc 20171005105626.456788   5   37688
euc 20171005105626.556540   6   40744
euc 20171005105626.658879   6   40073
euc 20171005105626.760764   6   38991
euc 20171005105626.864313   6   40052
euc 20171005105626.969635   6   38239
euc 20171005105627.089912   6   33738
euc 20171005105627.177722   6   35312
euc 20171005105627.291977   6   42191
euc 20171005105627.391267   6   35691
euc 20171005105627.506417   7   27190
euc 20171005105627.600490   7   40609
euc 20171005105627.718889   7   31920
euc 20171005105627.809504   7   43159
euc 20171005105627.921120   7   29466
euc 20171005105628.021819   7   50999
euc 20171005105628.124252   7   38049
euc 20171005105628.227522   7   40002
euc 20171005105628.346713   7   32369
euc 20171005105628.541608   8   40744
euc 20171005105628.582501   8   16725
euc 20171005105628.643925   8   33418
euc 20171005105628.762550   8   45370
euc 20171005105628.860514   8   33314
euc 20171005105628.965122   8   45379
euc 20171005105629.063003   8   42552
euc 20171005105629.181777   8   35075
euc 20171005105629.282801   8   43220
euc 20171005105629.394293   8   38272
euc 20171005105629.482490   9   44379
euc 20171005105629.601433   9   18752
euc 20171005105629.709046   9   32466
euc 20171005105629.814299   9   35344
euc 20171005105629.902926   9   45478
euc 20171005105630.021599   9   38914
euc 20171005105630.122026   9   42530
euc 20171005105630.234496   9   41211
euc 20171005105630.325208   9   39892
euc 20171005105630.440729   9   18993
euc 20171005105630.533497  10   38738
euc 20171005105630.638879  10   38180
euc 20171005105630.749079  10   15386
euc 20171005105630.865526  10   39517
euc 20171005105630.953769  10   23289
euc 20171005105631.072601  10   36352
euc 20171005105631.161969  10   41618
euc 20171005105631.281580  10   40753
euc 20171005105631.369250  10   38221
euc 20171005105631.477581  11   42617
euc 20171005105631.582592  11   39764
euc 20171005105631.698838  11   35803
euc 20171005105631.799752  11   44118
euc 20171005105631.909273  11   19712
euc 20171005105632.011573  11   41981
euc 20171005105632.111777  11   45007
euc 20171005105632.211830  11   46008
euc 20171005105632.327331  11   46720
euc 20171005105632.425563  11   41180
euc 20171005105632.528400  12   42895
euc 20171005105632.629602  12   42104
euc 20171005105632.736486  12   43498
euc 20171005105632.837055  12   41290
euc 20171005105632.953682  12   45142
euc 20171005105633.054869  12   43925
euc 20171005105633.169622  12   39654
euc 20171005105633.257424  12   42815
euc 20171005105633.365147  12   41008
euc 20171005105633.465648  12   38669
euc 20171005105633.592104  13   35797
euc 20171005105633.680533  13   35039
euc 20171005105633.785045  13   38928
euc 20171005105633.895894  13   36926
euc 20171005105634.007955  13   31327
euc 20171005105634.099122  13   36269
euc 20171005105634.218216  13   39521
euc 20171005105634.304931  13   27377
euc 20171005105634.426093  13   42505
euc 20171005105634.531174  14   40241
euc 20171005105634.621919  14   38705
euc 20171005105634.726595  14   38201
euc 20171005105634.843883  14   18478
euc 20171005105634.936137  14   41231
euc 20171005105635.041198  14   39805
euc 20171005105635.154422  14   39824
euc 20171005105635.252389  14   35275
euc 20171005105635.356118  14   22077
euc 20171005105635.469181  14   40796
euc 20171005105635.568347  15   40869
euc 20171005105635.685592  15   33792
euc 20171005105635.775448  15   41928
euc 20171005105635.899269  15   33310
euc 20171005105635.989790  15   41497
euc 20171005105636.101139  15   36783
euc 20171005105636.202123  15   42371
euc 20171005105636.302368  15   45182
euc 20171005105636.401046  15   42635
euc 20171005105636.523207  16   33570
euc 20171005105636.613513  16   47650
euc 20171005105636.730370  16   41646
euc 20171005105636.820071  16   33627
euc 20171005105636.940802  16   32841
euc 20171005105637.041364  16   18677
euc 20171005105637.143315  16   43220
euc 20171005105637.241382  16   40928
euc 20171005105637.354786  16   13979
euc 20171005105637.461719  16   43515
euc 20171005105637.571988  17   20281
euc 20171005105637.664634  17   42954
euc 20171005105637.781479  17   33862
euc 20171005105637.869896  17   41800
euc 20171005105637.991175  17   33477
euc 20171005105638.081975  17   39705
euc 20171005105638.202618  17   33969
euc 20171005105638.291609  17   18937
euc 20171005105638.407464  17   39544
euc 20171005105638.508378  18   42825
euc 20171005105638.617932  18   36319
euc 20171005105638.707763  18   37673
euc 20171005105638.829371  18   43372
euc 20171005105638.931764  18   31873
euc 20171005105639.043009  18   35099
euc 20171005105639.130131  18   36838
euc 20171005105639.251073  18   30594
euc 20171005105639.341709  18   37262
euc 20171005105639.458971  18   34490
euc 20171005105639.546874  19   36158
euc 20171005105639.655138  19   22248
euc 20171005105639.760462  19   23162
euc 20171005105639.866321  19   42170
euc 20171005105639.968631  19   40457
euc 20171005105640.081347  19   39543
euc 20171005105640.182663  19   41688
euc 20171005105640.283220  19   39840
euc 20171005105640.396839  19   42177
euc 20171005105640.496477  20   43373
euc 20171005105640.595754  20   29292
euc 20171005105640.709176  20   44302
euc 20171005105640.806925  20   42780
euc 20171005105640.926228  20   43503
euc 20171005105641.012654  20   42745
euc 20171005105641.133185  20   38797
euc 20171005105641.234144  20   37585
euc 20171005105641.333526  20   37396
euc 20171005105641.436145  20   38273
euc 20171005105641.553019  21   42312
euc 20171005105641.650508  21   38482
euc 20171005105641.754732  21   41116
euc 20171005105641.856099  21   41981
euc 20171005105641.976152  21   36919
euc 20171005105642.066992  21   41566
euc 20171005105642.171235  21   41178
euc 20171005105642.288632  21   34325
euc 20171005105642.379195  21   39643
euc 20171005105642.486949  22   38421
euc 20171005105642.603900  22   32473
euc 20171005105642.704390  22   38676
euc 20171005105642.806329  22   45244
euc 20171005105642.903638  22   43148
euc 20171005105643.009039  22   41080
euc 20171005105643.121348  22   43572
euc 20171005105643.219938  22   25626
euc 20171005105643.323549  22   38685
euc 20171005105643.446100  22   30673
euc 20171005105643.536899  23   39771
euc 20171005105643.647763  23   20496
euc 20171005105643.743276  23   38408
euc 20171005105643.851216  23   43454
euc 20171005105643.946547  23   13386
euc 20171005105644.065940  23   42188
euc 20171005105644.163908  23   35505
euc 20171005105644.282603  23   38610
euc 20171005105644.370131  23   37033
euc 20171005105644.485404  24   43864
euc 20171005105644.586343  24   42943
euc 20171005105644.687810  24   38562
euc 20171005105644.791898  24   54902
euc 20171005105644.911952  24   35269
euc 20171005105645.114714  24   40212
euc 20171005105645.155074  24   14748
euc 20171005105645.211427  24   42629
euc 20171005105645.315981  24   23717
euc 20171005105645.420058  24   41027
euc 20171005105645.535412  25   44047
euc 20171005105645.635468  25   40343
euc 20171005105645.737386  25   39134
euc 20171005105645.849527  25   39151
euc 20171005105645.951310  25   44687
euc 20171005105646.049812  25   39025
euc 20171005105646.157112  25   42766
euc 20171005105646.267721  25   43744
euc 20171005105646.377216  25   40889
euc 20171005105646.469948  25   41152
euc 20171005105646.576156  26   38564
euc 20171005105646.679304  26   44067
euc 20171005105646.801057  26   30667
euc 20171005105646.890762  26   17349
euc 20171005105647.004334  26   38726
euc 20171005105647.103827  26   38312
euc 20171005105647.207049  26   40069
euc 20171005105647.303971  26   23031
euc 20171005105647.423471  26   45883
euc 20171005105647.521563  27   39063
euc 20171005105647.625513  27   40191
euc 20171005105647.725143  27   36923
euc 20171005105647.838497  27   38685
euc 20171005105647.938377  27   21055
euc 20171005105648.043883  27   41667
euc 20171005105648.144100  27   41160
euc 20171005105648.263647  27   35189
euc 20171005105648.361846  27   37240
euc 20171005105648.476783  28   39784
euc 20171005105648.567757  28   40391
euc 20171005105648.668945  28   40858
euc 20171005105648.775046  28   37272
euc 20171005105648.888777  28   42622
euc 20171005105648.989482  28   40285
euc 20171005105649.089055  28   40318
euc 20171005105649.205764  28   38124
euc 20171005105649.305056  28   20455
euc 20171005105649.408450  28   45514
euc 20171005105649.505859  29   44591
euc 20171005105649.612735  29   29368
euc 20171005105649.718560  29   40931
euc 20171005105649.823435  29   38586
euc 20171005105649.940002  29   32591
euc 20171005105650.040877  29   42518
euc 20171005105650.140794  29   40991
euc 20171005105650.244365  29   37874
euc 20171005105650.351662  29   40267
euc 20171005105650.450350  29   41321
euc 20171005105650.566220  30   25266
euc 20171005105650.665979  30   19566
euc 20171005105650.781438  30   31915
euc 20171005105650.871421  30   39270
euc 20171005105650.990494  30   33207
euc 20171005105651.091466  30   43117
euc 20171005105651.189652  30   38415
euc 20171005105651.293171  30   40111
euc 20171005105651.395166  30   44800
euc 20171005105651.509057  31   41248
euc 20171005105651.609910  31   36168
euc 20171005105651.710733  31   43702
euc 20171005105651.829629  31   35939
euc 20171005105651.921311  31   37235
euc 20171005105652.036996  31   18130
euc 20171005105652.129715  31   41788
euc 20171005105652.234670  31   17921
euc 20171005105652.341271  31   44280
euc 20171005105652.452840  31   33180
euc 20171005105652.553942  32   37205
euc 20171005105652.668392  32   32407
euc 20171005105652.758438  32   40196
euc 20171005105652.864925  32   42541
euc 20171005105652.976313  32   40681
euc 20171005105653.077655  32   38802
euc 20171005105653.190036  32   43393
euc 20171005105653.290845  32   39767
euc 20171005105653.390541  32   39254
euc 20171005105653.495503  33   41753
euc 20171005105653.594050  33   38082
euc 20171005105653.716781  33   30149
euc 20171005105653.818727  33   39609
euc 20171005105653.917768  33   42906
euc 20171005105654.018171  33   39823
euc 20171005105654.136676  33   34001
euc 20171005105654.224999  33   31102
euc 20171005105654.340573  33   39912
euc 20171005105654.440729  33   39873
euc 20171005105654.540114  34   40092
euc 20171005105654.653603  34   38564
euc 20171005105654.754187  34   38989
euc 20171005105654.854257  34   20980
euc 20171005105654.971244  34   35663
euc 20171005105655.072175  34   42728
euc 20171005105655.170788  34   41053
euc 20171005105655.275302  34   40394
euc 20171005105655.382625  34   39342
euc 20171005105655.484825  35   40511
euc 20171005105655.589194  35   17581
euc 20171005105655.702765  35   39603
euc 20171005105655.803959  35   42828
euc 20171005105655.902515  35   36359
euc 20171005105656.023437  35   24031
euc 20171005105656.123570  35   48077
euc 20171005105656.233419  35   36054
euc 20171005105656.337195  35   17044
euc 20171005105656.440958  35   35795
euc 20171005105656.542043  36   39376
euc 20171005105656.652182  36   18706
euc 20171005105656.745160  36   40512
euc 20171005105656.858874  36   42320
euc 20171005105656.955844  36   31475
euc 20171005105657.060844  36   32307
euc 20171005105657.176754  36   31941
euc 20171005105657.276347  36   19501
euc 20171005105657.372726  36   39529
euc 20171005105657.491026  37   36066
euc 20171005105657.591749  37   40243
euc 20171005105657.693212  37   37844
euc 20171005105657.796189  37   37251
euc 20171005105657.911372  37   37912
euc 20171005105658.010467  37   41885
euc 20171005105658.112167  37   45371
euc 20171005105658.213866  37   29190
euc 20171005105658.315862  37   43000
euc 20171005105658.432142  37   31637
euc 20171005105658.533012  38   44038
euc 20171005105658.633202  38   38969
euc 20171005105658.737177  38   41583
euc 20171005105658.839643  38   37368
euc 20171005105658.959847  38   33567
euc 20171005105659.048249  38   35204
euc 20171005105659.155367  38   20807
euc 20171005105659.259079  38   39355
euc 20171005105659.364203  38   39349
euc 20171005105659.482801  39   37255
euc 20171005105659.586834  39   40703
euc 20171005105659.678185  39   38783
euc 20171005105659.799774  39   40261
euc 20171005105659.890167  39   43067
euc 20171005105700.001495  39   45564
euc 20171005105700.098997  39   35879
euc 20171005105700.204300  39   30086
euc 20171005105700.316780  39   46676
euc 20171005105700.418440  39   41930
euc 20171005105700.513938  40   15687
euc 20171005105700.623678  40   41464
euc 20171005105700.728011  40   38826
euc 20171005105700.831309  40   35773
euc 20171005105700.937444  40   40054
euc 20171005105701.050323  40   37655
euc 20171005105701.151311  40   37443
euc 20171005105701.262119  40   36583
euc 20171005105701.362925  40   18285
euc 20171005105701.465908  40   45400
euc 20171005105701.568415  41   41290
euc 20171005105701.685064  41   37667
euc 20171005105701.774035  41   40171
euc 20171005105701.896212  41   36603
euc 20171005105701.986315  41   39717
euc 20171005105702.092601  41   39317
euc 20171005105702.194308  41   41380
euc 20171005105702.298196  41   21497
euc 20171005105702.405281  41   41264
euc 20171005105702.523064  42   40236
euc 20171005105702.610617  42   37854
euc 20171005105702.732847  42   19344
euc 20171005105702.823784  42   38820
euc 20171005105702.928866  42   40349
euc 20171005105703.040346  42   43729
euc 20171005105703.139429  42   42197
euc 20171005105703.243484  42   38365
euc 20171005105703.349664  42   38363
euc 20171005105703.450416  42   21271
euc 20171005105703.567708  43   43985
euc 20171005105703.665058  43   36500
euc 20171005105703.774082  43   44480
euc 20171005105703.869529  43   16192
euc 20171005105703.978506  43   39153
euc 20171005105704.090337  43   43320
euc 20171005105704.202660  43   36557
euc 20171005105704.293487  43   39120
euc 20171005105704.412168  43   35255
euc 20171005105704.500428  44   21261
euc 20171005105704.607111  44   46798
euc 20171005105704.717549  44   46717
euc 20171005105704.829154  44   35898
euc 20171005105704.920094  44   40077
euc 20171005105705.026334  44   39495
euc 20171005105705.130014  44   41077
euc 20171005105705.235080  44   43507
euc 20171005105705.340250  44   37819
euc 20171005105705.464912  44   32570
euc 20171005105705.555514  45   41075
euc 20171005105705.658079  45   43658
euc 20171005105705.757987  45   40586
euc 20171005105705.876775  45   34499
euc 20171005105705.977944  45   43014
euc 20171005105706.087657  45   37546
euc 20171005105706.178886  45   40717
euc 20171005105706.290821  45   20208
euc 20171005105706.391483  45   44258
euc 20171005105706.489499  46   37597
euc 20171005105706.599427  46   42559
euc 20171005105706.716757  46   31814
euc 20171005105706.805559  46   37622
euc 20171005105706.926195  46   46198
euc 20171005105707.012581  46   31591
euc 20171005105707.135883  46   30979
euc 20171005105707.223093  46   30432
euc 20171005105707.344259  46   37326
euc 20171005105707.445405  46   43373
euc 20171005105707.546538  47   42227
euc 20171005105707.647899  47   38564
euc 20171005105707.753411  47   38694
euc 20171005105707.855928  47   43833
euc 20171005105707.968823  47   39305
euc 20171005105708.068497  47   20025
euc 20171005105708.172446  47   20585
euc 20171005105708.275117  47   41045
euc 20171005105708.395079  47   38436
euc 20171005105708.482962  48   38338
euc 20171005105708.605733  48   34899
euc 20171005105708.706832  48   40265
euc 20171005105708.808496  48   44228
euc 20171005105708.906122  48   37695
euc 20171005105709.024887  48   41688
euc 20171005105709.112277  48   44413
euc 20171005105709.227000  48   44464
euc 20171005105709.325494  48   19933
euc 20171005105709.430143  48   39095
euc 20171005105709.541386  49   40187
euc 20171005105709.642601  49   41777
euc 20171005105709.743732  49   37743
euc 20171005105709.857400  49   42834
euc 20171005105709.956082  49   41267
euc 20171005105710.072094  49   36256
euc 20171005105710.158229  49   25321
euc 20171005105710.281422  49   38346
euc 20171005105710.368947  49   39964
euc 20171005105710.491278  50   12737
euc 20171005105710.588238  50   45168
euc 20171005105710.687248  50   38116
euc 20171005105710.800749  50   42871
euc 20171005105710.898731  50   43746
euc 20171005105711.000496  50   34507
euc 20171005105711.108637  50   43829
euc 20171005105711.212787  50   42182
euc 20171005105711.325262  50   22346
euc 20171005105711.428023  50   46590
euc 20171005105711.538614  51   38185
euc 20171005105711.628352  51   43310
euc 20171005105711.748623  51   38738
euc 20171005105711.854529  51   23442
euc 20171005105711.960132  51   40449
euc 20171005105712.047427  51   45105
euc 20171005105712.167494  51   43369
euc 20171005105712.253683  51   36456
euc 20171005105712.365971  51   48163
euc 20171005105712.475879  51   43548
euc 20171005105712.590762  52   35461
euc 20171005105712.682074  52   48583
euc 20171005105712.795273  52   18030
euc 20171005105712.887719  52   42626
euc 20171005105712.994658  52   43470
euc 20171005105713.095976  52   26627
euc 20171005105713.212567  52   53726
euc 20171005105713.313512  52   50512
euc 20171005105713.410169  52   35659
euc 20171005105713.526985  53   45200
euc 20171005105713.636230  53   40815
euc 20171005105713.725592  53   33806
euc 20171005105713.827788  53   31920
euc 20171005105713.944424  53   41062
euc 20171005105714.055572  53   37951
euc 20171005105714.143045  53   38652
euc 20171005105714.252890  53   41618
euc 20171005105714.353783  53   41850
euc 20171005105714.459873  53   47857
euc 20171005105714.562040  54   21268
euc 20171005105714.671594  54   40269
euc 20171005105714.776891  54   39737
euc 20171005105714.878954  54   39185
euc 20171005105714.986634  54   40815
euc 20171005105715.105459  54   35227
euc 20171005105715.193132  54   32365
euc 20171005105715.315297  54   35058
euc 20171005105715.403637  54   34451
euc 20171005105715.517561  55   40119
euc 20171005105715.618870  55   39671
euc 20171005105715.718130  55   37845
euc 20171005105715.838290  55   30681
euc 20171005105715.939615  55   35304
euc 20171005105716.040135  55   18134
euc 20171005105716.142730  55   36324
euc 20171005105716.245981  55   20814
euc 20171005105716.361223  55   37102
euc 20171005105716.451775  55   32687
euc 20171005105716.557983  56   34375
euc 20171005105716.676080  56   30818
euc 20171005105716.779935  56   32228
euc 20171005105716.872711  56   34317
euc 20171005105716.992169  56   30344
euc 20171005105717.083062  56   37506
euc 20171005105717.187290  56   33821
euc 20171005105717.302708  56   32041
euc 20171005105717.403585  56   33208
euc 20171005105717.505039  57   37582
euc 20171005105717.606175  57   34968
euc 20171005105717.710482  57   34051
euc 20171005105717.829670  57   28125
euc 20171005105717.930787  57   32705
euc 20171005105718.031853  57   32777
euc 20171005105718.133065  57   31688
euc 20171005105718.250737  57   22686
euc 20171005105718.341035  57   34004
euc 20171005105718.452586  57   31286
euc 20171005105718.553639  58   30974
euc 20171005105718.669050  58   25758
euc 20171005105718.759097  58   32961
euc 20171005105718.864111  58   30748
euc 20171005105718.968454  58   30907
euc 20171005105719.074624  58   32571
euc 20171005105719.193942  58   24646
euc 20171005105719.285070  58   31654
euc 20171005105719.397559  58   32064
euc 20171005105719.500368  59   29504
euc 20171005105719.601088  59   33216
euc 20171005105719.716447  59   25769
euc 20171005105719.821183  59   26419
euc 20171005105719.922388  59   34700
euc 20171005105720.023371  59   22550
euc 20171005105720.123692  59   12105
euc 20171005105720.229175  59   31685
euc 20171005105720.340583  59   32376
euc 20171005105720.452003  59   32151
euc 20171005105720.543084  60   32061
euc 20171005105720.645926  60   34914
euc 20171005105720.751780  60   34634
euc 20171005105720.865629  60   32999
euc 20171005105720.966554  60   35608
euc 20171005105721.067631  60   34022
euc 20171005105721.185300  60   32871
euc 20171005105721.275446  60   36642
euc 20171005105721.387645  60   16040
euc 20171005105721.493532  61   32652
euc 20171005105721.594812  61   31875
euc 20171005105721.695541  61   35063
euc 20171005105721.814360  61   34075
euc 20171005105721.904516  61   34184
euc 20171005105722.019211  61   41624
euc 20171005105722.120205  61   34853
euc 20171005105722.231360  61   33165
euc 20171005105722.332280  61   37789
euc 20171005105722.433192  61   37312
euc 20171005105722.534170  62   36579
euc 20171005105722.637775  62   40867
euc 20171005105722.744297  62   40988
euc 20171005105722.861304  62   35961
euc 20171005105722.950029  62   49419
euc 20171005105723.072004  62   46060
euc 20171005105723.172394  62   48946
euc 20171005105723.270089  62   25807
euc 20171005105723.375592  62   42918
euc 20171005105723.474204  62   50506
euc 20171005105723.578196  63   47968
euc 20171005105723.694474  63   23619
euc 20171005105723.789153  63   37644
euc 20171005105723.906448  63   30231
euc 20171005105724.009399  63   57310
euc 20171005105724.105441  63   38909
euc 20171005105724.224432  63   53593
euc 20171005105724.331034  63   56392
euc 20171005105724.416411  63   33392
euc 20171005105724.534166  64   63262
euc 20171005105724.629614  64   34829
euc 20171005105724.747815  64   55028
euc 20171005105724.844091  64   50661
euc 20171005105724.946666  64   70319
euc 20171005105725.055702  64   54866
euc 20171005105725.151476  64   45569
euc 20171005105725.256679  64   71704
euc 20171005105725.370081  64   43638
euc 20171005105725.475087  64   60466
euc 20171005105725.583471  65   50376
euc 20171005105725.674268  65   56016
euc 20171005105725.796168  65   47191
euc 20171005105725.895455  65   64935
euc 20171005105725.993709  65   36381
euc 20171005105726.098496  65   41355
euc 20171005105726.216888  65   67482
euc 20171005105726.302014  65   41804
euc 20171005105726.426522  65   71170
euc 20171005105726.511779  66   44695
euc 20171005105726.622050  66   74946
euc 20171005105726.729328  66   53657
euc 20171005105726.836269  66   59292
euc 20171005105726.931892  66   66289
euc 20171005105727.052611  66  105922 over100msec
euc 20171005105727.158661  66   79195
euc 20171005105727.259815  66   70921
euc 20171005105727.350785  66   59845
euc 20171005105727.472657  66   64891
euc 20171005105727.559980  67   56353
euc 20171005105727.684088  67   84069
euc 20171005105727.782242  67   53669
euc 20171005105727.894441  67   84272
euc 20171005105727.979135  67   52126
euc 20171005105728.089966  67   83306
euc 20171005105728.198744  67   52913
euc 20171005105728.301945  67   82327
euc 20171005105728.400766  67   53820
euc 20171005105728.505417  68   76598
euc 20171005105728.623107  68   63301
euc 20171005105728.713783  68   58838
euc 20171005105728.829083  68   78623
euc 20171005105728.927407  68   59281
euc 20171005105729.029938  68   73011
euc 20171005105729.132850  68   92289
euc 20171005105729.247365  68   94646
euc 20171005105729.348181  68   77376
euc 20171005105729.449741  68   71256
euc 20171005105729.577974  69   84464
euc 20171005105729.662565  69   51013
euc 20171005105729.778075  69   55389
euc 20171005105729.875223  69   70222
euc 20171005105729.986945  69   63015
euc 20171005105730.078252  69   66121
euc 20171005105730.181509  69   58452
euc 20171005105730.285365  69   61678
euc 20171005105730.417171  69   76937
euc 20171005105730.501974  70   55805
euc 20171005105730.605594  70   65525
euc 20171005105730.706040  70   67347
euc 20171005105730.810689  70   64416
euc 20171005105730.922307  70   75793
euc 20171005105731.022575  70   64553
euc 20171005105731.124772  70   70270
euc 20171005105731.246948  70   80095
euc 20171005105731.342976  70   83134
euc 20171005105731.454178  70   88193
euc 20171005105731.544474  71   84489
euc 20171005105731.650753  71   76008
euc 20171005105731.753225  71   68053
euc 20171005105731.874200  71   60215
euc 20171005105731.963202  71   57854
euc 20171005105732.085240  71   76090
euc 20171005105732.171987  71   57895
euc 20171005105732.293788  71   75098
euc 20171005105732.382220  71   56566
euc 20171005105732.509383  72   83801
euc 20171005105732.593698  72   51228
euc 20171005105732.709018  72   85008
euc 20171005105732.806226  72   57714
euc 20171005105732.919946  72   76038
euc 20171005105733.019229  72   57043
euc 20171005105733.134886  72   78911
euc 20171005105733.222367  72   59232
euc 20171005105733.337521  72   91644
euc 20171005105733.435226  72   73294
euc 20171005105733.536356  73   96065
euc 20171005105733.650959  73   94926
euc 20171005105733.751969  73   83950
euc 20171005105733.853477  73   65661
euc 20171005105733.958726  73   64843
euc 20171005105734.060128  73   62345
euc 20171005105734.166609  73   75879
euc 20171005105734.269448  73   56837
euc 20171005105734.378331  73   65032
euc 20171005105734.479284  74   63770
euc 20171005105734.601411  74   81765
euc 20171005105734.688269  74   52724
euc 20171005105734.799941  74   83241
euc 20171005105734.897580  74   58335
euc 20171005105735.005467  74   78709
euc 20171005105735.117780  74   54270
euc 20171005105735.231864  74   75664
euc 20171005105735.319344  74   58397
euc 20171005105735.433216  74   84743
euc 20171005105735.531697  75   55373
euc 20171005105735.649529  75   93266
euc 20171005105735.742920  75   78545
euc 20171005105735.851244  75   84614
euc 20171005105735.951971  75   74325
euc 20171005105736.066597  75   68208
euc 20171005105736.157099  75   59291
euc 20171005105736.278582  75   80334
euc 20171005105736.373514  75   54878
euc 20171005105736.474621  75   49942
euc 20171005105736.579168  76   59389
euc 20171005105736.698113  76   72630
euc 20171005105736.785666  76   53128
euc 20171005105736.905016  76   78052
euc 20171005105737.001207  76   49700
euc 20171005105737.102889  76   62882
euc 20171005105737.205202  76   63707
euc 20171005105737.327771  76   50485
euc 20171005105737.425468  76   61672
euc 20171005105737.526063  77   57291
euc 20171005105737.632081  77   75430
euc 20171005105737.738510  77   58263
euc 20171005105737.845093  77   91251
euc 20171005105737.939726  77   64914
euc 20171005105738.055194  77   79813
euc 20171005105738.162652  77   63690
euc 20171005105738.253624  77   53679
euc 20171005105738.363239  77   72793
euc 20171005105738.462427  77   49122
euc 20171005105738.584633  78   73430
euc 20171005105738.685649  78   69334
euc 20171005105738.786980  78   69134
euc 20171005105738.888450  78   69748
euc 20171005105739.000569  78   64558
euc 20171005105739.096141  78   50288
euc 20171005105739.200009  78   66017
euc 20171005105739.303895  78   50612
euc 20171005105739.419810  78   74177
euc 20171005105739.516431  79   42836
euc 20171005105739.622958  79   66468
euc 20171005105739.721848  79   43989
euc 20171005105739.842515  79   68990
euc 20171005105739.930992  79   50915
euc 20171005105740.039349  79   81889
euc 20171005105740.150108  79   62510
euc 20171005105740.251225  79   66619
euc 20171005105740.351914  79   56431
euc 20171005105740.471490  79   50261
euc 20171005105740.572023  80   67640
euc 20171005105740.686298  80   60770
euc 20171005105740.899574  80   56853
euc 20171005105740.956548  80   33251
euc 20171005105740.989918  80   31808
euc 20171005105741.104236  80   59804
euc 20171005105741.189223  80   35406
euc 20171005105741.313036  80   39351
euc 20171005105741.397744  80   40182
euc 20171005105741.510088  81   64731
euc 20171005105741.620548  81   52586
euc 20171005105741.726148  81   57301
euc 20171005105741.821913  81   42476
euc 20171005105741.930623  81   65603
euc 20171005105742.036353  81   36226
euc 20171005105742.141110  81   49661
euc 20171005105742.243686  81   73412
euc 20171005105742.349990  81   80345
euc 20171005105742.445752  81   43240
euc 20171005105742.571816  82   58616
euc 20171005105742.661925  82   59154
euc 20171005105742.781933  82   36486
euc 20171005105742.872273  82   60765
euc 20171005105742.975621  82   63380
euc 20171005105743.077807  82   42588
euc 20171005105743.195648  82   60295
euc 20171005105743.291077  82   34984
euc 20171005105743.408721  82   31075
euc 20171005105743.504842  83   60592
euc 20171005105743.606495  83   53380
euc 20171005105743.710365  83   58473
euc 20171005105743.826697  83   51612
euc 20171005105743.930869  83   56468
euc 20171005105744.019646  83   36334
euc 20171005105744.138639  83   59348
euc 20171005105744.235046  83   45726
euc 20171005105744.337517  83   69087
euc 20171005105744.440077  83   50345
euc 20171005105744.557958  84   61670
euc 20171005105744.654869  84   36006
euc 20171005105744.761444  84   63417
euc 20171005105744.873073  84   51843
euc 20171005105744.963147  84   46029
euc 20171005105745.088079  84   52723
euc 20171005105745.173656  84   36455
euc 20171005105745.298592  84   48877
euc 20171005105745.384476  84   37274
euc 20171005105745.504417  85   56036
euc 20171005105745.605896  85   51543
euc 20171005105745.710638  85   37186
euc 20171005105745.811693  85   37278
euc 20171005105745.926406  85   52480
euc 20171005105746.011577  85   34743
euc 20171005105746.122226  85   59158
euc 20171005105746.220634  85   41035
euc 20171005105746.350503  85   54636
euc 20171005105746.435804  85   37214
euc 20171005105746.554902  86   73332
euc 20171005105746.639748  86   51292
euc 20171005105746.760752  86   61749
euc 20171005105746.850327  86   30147
euc 20171005105746.962546  86   37887
euc 20171005105747.065064  86   64536
euc 20171005105747.181290  86   58855
euc 20171005105747.270290  86   44488
euc 20171005105747.390472  86   46536
euc 20171005105747.490153  87   70279
euc 20171005105747.589779  87   45252
euc 20171005105747.694459  87   80007
euc 20171005105747.804298  87   47731
euc 20171005105747.907632  87   71562
euc 20171005105748.006021  87   39728
euc 20171005105748.120995  87   53876
euc 20171005105748.231087  87   72483
euc 20171005105748.318354  87   41854
euc 20171005105748.442799  87   63858
euc 20171005105748.528034  88   60470
euc 20171005105748.635209  88   64527
euc 20171005105748.740967  88   83531
euc 20171005105748.852354  88   64698
euc 20171005105748.959058  88   77528
euc 20171005105749.065114  88   46860
euc 20171005105749.157675  88   65127
euc 20171005105749.262387  88   55266
euc 20171005105749.379397  88   64250
euc 20171005105749.478826  89   52615
euc 20171005105749.581462  89   67498
euc 20171005105749.683174  89   54689
euc 20171005105749.786588  89   71930
euc 20171005105749.906963  89   77657
euc 20171005105750.002322  89   49225
euc 20171005105750.120505  89   72998
euc 20171005105750.205081  89   48119
euc 20171005105750.311782  89   72735
euc 20171005105750.424521  89   61281
euc 20171005105750.525575  90   60504
euc 20171005105750.626251  90   61660
euc 20171005105750.748610  90   80256
euc 20171005105750.834632  90   54389
euc 20171005105750.954386  90  102422 over100msec
euc 20171005105751.059695  90   80318
euc 20171005105751.154678  90   72556
euc 20171005105751.255964  90   66253
euc 20171005105751.374211  90   72704
euc 20171005105751.462306  90   49215
euc 20171005105751.586422  91   74681
euc 20171005105751.671171  91   47147
euc 20171005105751.797220  91   56374
euc 20171005105751.893220  91   51906
euc 20171005105751.999003  91   74814
euc 20171005105752.094506  91   48742
euc 20171005105752.217942  91   70949
euc 20171005105752.303241  91   47191
euc 20171005105752.413486  91   79063
euc 20171005105752.520311  92   47557
euc 20171005105752.627240  92   75476
euc 20171005105752.722588  92   45191
euc 20171005105752.843285  92   45652
euc 20171005105752.931966  92   56061
euc 20171005105753.042806  92   66778
euc 20171005105753.150154  92   57167
euc 20171005105753.261134  92   57559
euc 20171005105753.352096  92   45919
euc 20171005105753.474086  92   60746
euc 20171005105753.559755  93   34260
euc 20171005105753.684203  93   54248
euc 20171005105753.769899  93   34068
euc 20171005105753.880841  93   42396
euc 20171005105753.985325  93   60307
euc 20171005105754.094059  93   32314
euc 20171005105754.198684  93   63752
euc 20171005105754.294811  93   32147
euc 20171005105754.404524  93   35664
euc 20171005105754.506927  94   40162
euc 20171005105754.613969  94   57890
euc 20171005105754.714281  94   40436
euc 20171005105754.834389  94   49686
euc 20171005105754.931317  94   38160
euc 20171005105755.036289  94   44824
euc 20171005105755.146258  94   48516
euc 20171005105755.245699  94   45155
euc 20171005105755.370500  94   41697
euc 20171005105755.456912  94   32339
euc 20171005105755.573767  95   39486
euc 20171005105755.660649  95   35465
euc 20171005105755.766343  95   44048
euc 20171005105755.870384  95   43666
euc 20171005105755.980972  95   47391
euc 20171005105756.078011  95   28504
euc 20171005105756.197543  95   36473
euc 20171005105756.296792  95   42413
euc 20171005105756.409841  95   36287
euc 20171005105756.498365  96   49615
euc 20171005105756.611000  96   29668
euc 20171005105756.716624  96   45967
euc 20171005105756.814091  96   38000
euc 20171005105756.930218  96   44272
euc 20171005105757.028502  96   40017
euc 20171005105757.132064  96   37144
euc 20171005105757.234437  96   34497
euc 20171005105757.340219  96   36515
euc 20171005105757.444388  96   37652
euc 20171005105757.557134  97   16226
euc 20171005105757.658760  97   15469
euc 20171005105757.760611  97   34577
euc 20171005105757.877814  97   29643
euc 20171005105757.968843  97   34118
euc 20171005105758.080829  97   31354
euc 20171005105758.182018  97   32187
euc 20171005105758.295337  97   25709
euc 20171005105758.396673  97   33358
euc 20171005105758.510509  98   24692
euc 20171005105758.601526  98   31446
euc 20171005105758.702335  98   31611
euc 20171005105758.806846  98   32344
euc 20171005105758.926876  98   24158
euc 20171005105759.017521  98   28386
euc 20171005105759.122366  98   39327
euc 20171005105759.233068  98   35306
euc 20171005105759.334042  98   34778
euc 20171005105759.444882  98   34497
euc 20171005105759.546036  99   38833
euc 20171005105759.657438  99   24889
euc 20171005105759.770129  99   19831
euc 20171005105759.863326  99   35199
euc 20171005105759.958880  99   11703
euc 20171005105800.066426  99   30338
euc 20171005105800.171330  99   35602
euc 20171005105800.282232  99   33728
euc 20171005105800.394416  99   28523
euc 20171005105800.485715 100   32444
euc 20171005105800.601734 100   25481
euc 20171005105800.804159 100   37430
euc 20171005105800.841812 100   16069
euc 20171005105800.901716 100   18705
euc 20171005105801.019252 100   32023
euc 20171005105801.120287 100   35803
euc 20171005105801.221219 100   34390
euc 20171005105801.322983 100   33422
euc 20171005105801.440366 100   36062
euc 20171005105801.541465 101   37433
euc 20171005105801.642146 101   34746
euc 20171005105801.743120 101   37583
euc 20171005105801.857970 101   40108
euc 20171005105801.956397 101   18492
euc 20171005105802.070627 101   38163
euc 20171005105802.158721 101   39409
euc 20171005105802.279416 101   30959
euc 20171005105802.380744 101   39720
euc 20171005105802.481690 102   38841
euc 20171005105802.582592 102   35849
euc 20171005105802.686681 102   35692
euc 20171005105802.792365 102   34172
euc 20171005105802.906488 102   14349
euc 20171005105803.002310 102   39717
euc 20171005105803.113985 102   38391
euc 20171005105803.209998 102   14214
euc 20171005105803.315759 102   37552
euc 20171005105803.420101 102   34668
euc 20171005105803.540512 103   32187
euc 20171005105803.631446 103   37263
euc 20171005105803.748322 103   26095
euc 20171005105803.839447 103   37691
euc 20171005105803.954161 103   20389
euc 20171005105804.054523 103   45073
euc 20171005105804.168055 103   38482
euc 20171005105804.254984 103   24937
euc 20171005105804.377430 103   29372
euc 20171005105804.468565 103   37027
euc 20171005105804.594814 104   30170
euc 20171005105804.684657 104   19524
euc 20171005105804.786786 104   47671
euc 20171005105804.897341 104   43317
euc 20171005105804.998533 104   42989
euc 20171005105805.098642 104   41832
euc 20171005105805.214194 104   48118
euc 20171005105805.311126 104   39374
euc 20171005105805.416132 104   44267
euc 20171005105805.514767 105   35204
euc 20171005105805.635186 105   40041
euc 20171005105805.722034 105   35170
euc 20171005105805.832063 105   42897
euc 20171005105805.936747 105   44668
euc 20171005105806.038957 105   43462
euc 20171005105806.144928 105   50159
euc 20171005105806.263438 105   42934
euc 20171005105806.361044 105   36321
euc 20171005105806.463970 105   35533
euc 20171005105806.566678 106   43310
euc 20171005105806.681438 106   44425
euc 20171005105806.782404 106   49587
euc 20171005105806.898815 106   44062
euc 20171005105807.000012 106   48822
euc 20171005105807.103706 106   43226
euc 20171005105807.203938 106   42691
euc 20171005105807.308233 106   45096
euc 20171005105807.407444 106   50096
euc 20171005105807.507932 107   43088
euc 20171005105807.613218 107   45065
euc 20171005105807.717308 107   45183
euc 20171005105807.821392 107   18636
euc 20171005105807.935167 107   46825
euc 20171005105808.032155 107   39783
euc 20171005105808.150146 107   23050
euc 20171005105808.241956 107   51028
euc 20171005105808.357274 107   46570
euc 20171005105808.457253 107   41998
euc 20171005105808.561430 108   41987
euc 20171005105808.661412 108   39791
euc 20171005105808.767470 108   39639
euc 20171005105808.869871 108   18668
euc 20171005105808.989681 108   30603
euc 20171005105809.090718 108   40454
euc 20171005105809.201814 108   30832
euc 20171005105809.293105 108   34028
euc 20171005105809.406346 108   32151
euc 20171005105809.504704 109   24764
euc 20171005105809.619417 109   28297
euc 20171005105809.710190 109   39497
euc 20171005105809.827873 109   14302
euc 20171005105809.920041 109   41201
euc 20171005105810.032749 109   38207
euc 20171005105810.133225 109   37491
euc 20171005105810.248476 109   35231
euc 20171005105810.336794 109   34603
euc 20171005105810.457790 109   26126
euc 20171005105810.548317 110   31333
euc 20171005105810.668505 110   14493
euc 20171005105810.758986 110   29875
euc 20171005105810.864887 110   36493
euc 20171005105810.967872 110   35366
euc 20171005105811.074518 110   31803
euc 20171005105811.177656 110   32856
euc 20171005105811.297736 110   25179
euc 20171005105811.388832 110   31658
euc 20171005105811.506712 111   27758
euc 20171005105811.598225 111   34459
euc 20171005105811.722019 111   32915
euc 20171005105811.813023 111   40651
euc 20171005105811.924096 111   15858
euc 20171005105812.030672 111   36276
euc 20171005105812.120300 111   41178
euc 20171005105812.223564 111   35657
euc 20171005105812.346588 111   38328
euc 20171005105812.437703 111   40969
euc 20171005105812.548880 112   47150
euc 20171005105812.645909 112   38292
euc 20171005105812.764201 112   34467
euc 20171005105812.852341 112   57107
euc 20171005105812.955847 112   47724
euc 20171005105813.072923 112   58105
euc 20171005105813.168716 112   44826
euc 20171005105813.288859 112   51132
euc 20171005105813.389766 112   48261
euc 20171005105813.480281 113   45939
euc 20171005105813.603285 113   56360
euc 20171005105813.704264 113   58211
euc 20171005105813.811563 113   60473
euc 20171005105813.905622 113   43490
euc 20171005105814.019797 113   49926
euc 20171005105814.118183 113   67739
euc 20171005105814.217611 113   48631
euc 20171005105814.320432 113   70857
euc 20171005105814.441358 113   60927
euc 20171005105814.527096 114   43682
euc 20171005105814.651453 114   46119
euc 20171005105814.748268 114   63279
euc 20171005105814.848247 114   63917
euc 20171005105814.949058 114   59731
euc 20171005105815.052319 114   60507
euc 20171005105815.156646 114   48182
euc 20171005105815.266521 114   60955
euc 20171005105815.365622 114   44910
euc 20171005105815.491623 115   58605
euc 20171005105815.576736 115   35823
euc 20171005105815.696133 115   62382
euc 20171005105815.791738 115   37751
euc 20171005105815.907121 115   39328
euc 20171005105816.005170 115   58063
euc 20171005105816.105289 115   48050
euc 20171005105816.209348 115   66158
euc 20171005105816.309891 115   43742
euc 20171005105816.414504 115   44791
euc 20171005105816.525619 116   66318
euc 20171005105816.629839 116   68416
euc 20171005105816.729688 116   51368
euc 20171005105816.836413 116   82215
euc 20171005105816.937734 116   67313
euc 20171005105817.045189 116   95453
euc 20171005105817.155619 116   78953
euc 20171005105817.257122 116   92278
euc 20171005105817.357852 116   61602
euc 20171005105817.463610 116   70229
euc 20171005105817.586152 117   78705
euc 20171005105817.684767 117   76654
euc 20171005105817.792137 117   64772
euc 20171005105817.888970 117   85829
euc 20171005105817.998287 117   62029
euc 20171005105818.100389 117   65436
euc 20171005105818.206915 117   95161
euc 20171005105818.303088 117   60080
euc 20171005105818.420509 117   92272
euc 20171005105818.515284 118   58141
euc 20171005105818.620888 118   65191
euc 20171005105818.734037 118   57903
euc 20171005105818.829809 118   59821
euc 20171005105818.943623 118   74920
euc 20171005105819.042519 118   79532
euc 20171005105819.143987 118   96018
euc 20171005105819.247012 118   43959
euc 20171005105819.354030 118   50367
euc 20171005105819.477319 119   64932
euc 20171005105819.564330 119   46590
euc 20171005105819.671329 119   59548
euc 20171005105819.773148 119   44742
euc 20171005105819.878785 119   59595
euc 20171005105819.996794 119   57304
euc 20171005105820.094617 119   37564
euc 20171005105820.200891 119   56736
euc 20171005105820.309295 119   40327
euc 20171005105820.400392 119   28917
euc 20171005105820.520227 120   45714
euc 20171005105820.618059 120   45052
euc 20171005105820.732549 120   41911
euc 20171005105820.819028 120   36884
euc 20171005105820.944401 120   56271
euc 20171005105821.029452 120   35123
euc 20171005105821.137578 120   66066
euc 20171005105821.241698 120   47724
euc 20171005105821.359458 120   46045
euc 20171005105821.447873 120   31436
euc 20171005105821.558325 121   44980
euc 20171005105821.659224 121   38365
euc 20171005105821.780295 121   36874
euc 20171005105821.867555 121   35243
euc 20171005105821.989690 121   36239
euc 20171005105822.077966 121   26452
euc 20171005105822.186790 121   42960
euc 20171005105822.289731 121   20663
euc 20171005105822.409699 121   35139
euc 20171005105822.497644 122   33884
euc 20171005105822.619801 122   33455
euc 20171005105822.705836 122   28110
euc 20171005105822.829304 122   36243
euc 20171005105822.930320 122   37218
euc 20171005105823.026161 122   23790
euc 20171005105823.132566 122   47143
euc 20171005105823.237422 122   48978
euc 20171005105823.346819 122   31263
euc 20171005105823.472613 122   32598
euc 20171005105823.552568 123   38459
euc 20171005105823.667517 123   30072
euc 20171005105823.756971 123   31313
euc 20171005105823.877387 123   35151
euc 20171005105823.966080 123   48955
euc 20171005105824.071343 123   42545
euc 20171005105824.177966 123   45236
euc 20171005105824.283775 123   38406
euc 20171005105824.394916 123   23797
euc 20171005105824.497263 124   41678
euc 20171005105824.599184 124   44447
euc 20171005105824.715976 124   37408
euc 20171005105824.817184 124   40988
euc 20171005105824.917495 124   41105
euc 20171005105825.018635 124   37835
euc 20171005105825.128882 124   18153
euc 20171005105825.231341 124   40941
euc 20171005105825.332868 124   44341
euc 20171005105825.443741 124   40271
euc 20171005105825.543015 125   15698
euc 20171005105825.656227 125   38786
euc 20171005105825.767090 125   35192
euc 20171005105825.857685 125   36337
euc 20171005105825.974650 125   29242
euc 20171005105826.065840 125   35030
euc 20171005105826.182905 125   27618
euc 20171005105826.278347 125   15780
euc 20171005105826.385131 125   44845
euc 20171005105826.485890 126   36366
euc 20171005105826.589528 126   39262
euc 20171005105826.695365 126   38834
euc 20171005105826.799694 126   36434
euc 20171005105826.905323 126   38618
euc 20171005105827.009218 126   35987
euc 20171005105827.123926 126   15233
euc 20171005105827.226026 126   40340
euc 20171005105827.326077 126   36299
euc 20171005105827.442522 126   31677
euc 20171005105827.530002 127   36166
euc 20171005105827.637861 127   37397
euc 20171005105827.751629 127   37630
euc 20171005105827.852720 127   37929
euc 20171005105827.953740 127   38164
euc 20171005105828.064735 127   43609
euc 20171005105828.163609 127   38532
euc 20171005105828.266946 127   36233
euc 20171005105828.379335 127   42315
euc 20171005105828.490925 128   18016
euc 20171005105828.583349 128   43716
euc 20171005105828.694441 128   37981
euc 20171005105828.793758 128   15383
euc 20171005105828.896836 128   38153
euc 20171005105829.001786 128   39231
euc 20171005105829.120280 128   38204
euc 20171005105829.209557 128   39799
euc 20171005105829.315299 128   35370
euc 20171005105829.419550 128   36732
euc 20171005105829.533455 129   44928
euc 20171005105829.627877 129   14042
euc 20171005105829.749903 129   42598
euc 20171005105829.835804 129   22400
euc 20171005105829.954800 129   41910
euc 20171005105830.055488 129   18309
euc 20171005105830.156955 129   42309
euc 20171005105830.257636 129   40470
euc 20171005105830.364904 129   37765
euc 20171005105830.468799 129   38749
euc 20171005105830.574124 130   38362
euc 20171005105830.678177 130   37943
euc 20171005105830.793750 130   38797
euc 20171005105830.891462 130   31554
euc 20171005105831.006961 130   36051
euc 20171005105831.094829 130   35256
euc 20171005105831.217306 130   43610
euc 20171005105831.304125 130   35430
euc 20171005105831.426066 130   37062
euc 20171005105831.515431 131   42193
euc 20171005105831.620593 131   43832
euc 20171005105831.734916 131   42666
euc 20171005105831.845887 131   47443
euc 20171005105831.937413 131   44734
euc 20171005105832.054521 131   44490
euc 20171005105832.145688 131   56212
euc 20171005105832.258647 131   58629
euc 20171005105832.360074 131   56611
euc 20171005105832.471884 131   29942
euc 20171005105832.573568 132   58333
euc 20171005105832.670157 132   35963
euc 20171005105832.776555 132   52681
euc 20171005105832.876190 132   52815
euc 20171005105832.990127 132   63455
euc 20171005105833.088039 132   50088
euc 20171005105833.204758 132   71394
euc 20171005105833.311485 132   51107
euc 20171005105833.403131 132   59493
euc 20171005105833.518880 133   91811
euc 20171005105833.616227 133   59401
euc 20171005105833.719226 133   71697
euc 20171005105833.819132 133   73521
euc 20171005105833.922907 133   91372
euc 20171005105834.025659 133  120289 over100msec
euc 20171005105834.146078 133  136608 over100msec
euc 20171005105834.282809 133  111578 over100msec
euc 20171005105834.394508 133  101142 over100msec
euc 20171005105834.495772 134   85501
euc 20171005105834.581398 134   74454
euc 20171005105834.673753 134   90032
euc 20171005105834.776088 134   75757
euc 20171005105834.864461 134   72470
euc 20171005105834.971915 134   83677
euc 20171005105835.075004 134   75360
euc 20171005105835.196094 134   81821
euc 20171005105835.404353 134   70018
euc 20171005105835.474496 134   65246
euc 20171005105835.539862 135   67636
euc 20171005105835.607620 135   63553
euc 20171005105835.709730 135   83958
euc 20171005105835.814339 135   72081
euc 20171005105835.915469 135   71130
euc 20171005105836.034170 135   93457
euc 20171005105836.127763 135   96231
euc 20171005105836.244555 135  101100 over100msec
euc 20171005105836.345782 135  132072 over100msec
euc 20171005105836.477975 136   73731
euc 20171005105836.551835 136   65354
euc 20171005105836.650763 136   70230
euc 20171005105836.761700 136   68176
euc 20171005105836.863189 136   65052
euc 20171005105836.964067 136   62673
euc 20171005105837.069654 136   74728
euc 20171005105837.179880 136   57115
euc 20171005105837.297424 136   58416
euc 20171005105837.389737 136   68448
euc 20171005105837.504123 137   55850
euc 20171005105837.602104 137   57724
euc 20171005105837.703869 137   48271
euc 20171005105837.804397 137   45757
euc 20171005105837.923980 137   44417
euc 20171005105838.011959 137   57737
euc 20171005105838.138778 137   87980
euc 20171005105838.226880 137   67727
euc 20171005105838.341247 137   59743
euc 20171005105838.431355 137   39028
euc 20171005105838.554029 138   38825
euc 20171005105838.645856 138   63185
euc 20171005105838.759139 138   62539
euc 20171005105838.859179 138   59818
euc 20171005105838.955765 138   44319
euc 20171005105839.070741 138   39290
euc 20171005105839.168526 138   47321
euc 20171005105839.283796 138   60302
euc 20171005105839.379644 138   37078
euc 20171005105839.486602 139   56214
euc 20171005105839.584482 139   43034
euc 20171005105839.693567 139   56718
euc 20171005105839.795964 139   47353
euc 20171005105839.911624 139   58893
euc 20171005105840.019083 139   42620
euc 20171005105840.109734 139   41471
euc 20171005105840.218054 139   56318
euc 20171005105840.318343 139   50853
euc 20171005105840.426473 139   75542
euc 20171005105840.537022 140   49705
euc 20171005105840.642048 140   47492
euc 20171005105840.740305 140   61552
euc 20171005105840.852490 140   50709
euc 20171005105840.954006 140   49445
euc 20171005105841.054382 140   45976
euc 20171005105841.169386 140   57832
euc 20171005105841.278247 140   52635
euc 20171005105841.367392 140   37433
euc 20171005105841.476418 141   64383
euc 20171005105841.575441 141   35588
euc 20171005105841.695945 141   42825
euc 20171005105841.794227 141   34301
euc 20171005105841.899238 141   55284
euc 20171005105841.999998 141   49024
euc 20171005105842.218302 141   55072
euc 20171005105842.273498 141   27098
euc 20171005105842.315533 141   35830
euc 20171005105842.421058 141   56343
euc 20171005105842.533520 142   55127
euc 20171005105842.629873 142   51891
euc 20171005105842.730735 142   52436
euc 20171005105842.833819 142   38585
euc 20171005105842.963655 142   52821
euc 20171005105843.049058 142   33386
euc 20171005105843.154027 142   39881
euc 20171005105843.261151 142   56627
euc 20171005105843.368018 142   46610
euc 20171005105843.470845 142   54801
euc 20171005105843.569068 143   26864
euc 20171005105843.678876 143   51154
euc 20171005105843.780127 143   47641
euc 20171005105843.902564 143   54676
euc 20171005105843.988163 143   27442
euc 20171005105844.105857 143   56388
euc 20171005105844.201955 143   31372
euc 20171005105844.306885 143   26921
euc 20171005105844.412893 143   48686
euc 20171005105844.518154 144   41453
euc 20171005105844.622976 144   45802
euc 20171005105844.738322 144   45999
euc 20171005105844.831333 144   51619
euc 20171005105844.942670 144   58121
euc 20171005105845.043656 144   43635
euc 20171005105845.157018 144   20000
euc 20171005105845.259585 144   24853
euc 20171005105845.360223 144   45570
euc 20171005105845.457285 144   39676
euc 20171005105845.577351 145   37981
euc 20171005105845.678374 145   42070
euc 20171005105845.778166 145   40154
euc 20171005105845.879689 145   40135
euc 20171005105845.990388 145   36671
euc 20171005105846.091308 145   23014
euc 20171005105846.200671 145   33495
euc 20171005105846.303584 145   38089
euc 20171005105846.415576 145   34195
euc 20171005105846.516648 146   38792
euc 20171005105846.617489 146   37758
euc 20171005105846.719696 146   15317
euc 20171005105846.823966 146   39338
euc 20171005105846.935995 146   43792
euc 20171005105847.045261 146   37913
euc 20171005105847.134465 146   34986
euc 20171005105847.242869 146   35959
euc 20171005105847.357008 146   35895
euc 20171005105847.457962 146   34621
euc 20171005105847.559409 147   38422
euc 20171005105847.662085 147   36507
euc 20171005105847.766410 147   36520
euc 20171005105847.881939 147   32455
euc 20171005105847.982700 147   36237
euc 20171005105848.083314 147   34056
euc 20171005105848.186167 147   38106
euc 20171005105848.312865 147   17783
euc 20171005105848.403747 147   35289
euc 20171005105848.506261 148   40041
euc 20171005105848.608697 148   37384
euc 20171005105848.709702 148   15169
euc 20171005105848.824367 148   39418
euc 20171005105848.925567 148   36407
euc 20171005105849.026296 148   40976
euc 20171005105849.124510 148   18759
euc 20171005105849.234055 148   36221
euc 20171005105849.346748 148   43036
euc 20171005105849.441778 148   11657
euc 20171005105849.562798 149   33493
euc 20171005105849.653929 149   36716
euc 20171005105849.758752 149   34143
euc 20171005105849.863052 149   34146
euc 20171005105849.969506 149   33276
euc 20171005105850.073450 149   33001
euc 20171005105850.178293 149   33798
euc 20171005105850.282619 149   33289
euc 20171005105850.389191 149   33059
euc 20171005105850.501627 150   36709
euc 20171005105850.602545 150   32838
euc 20171005105850.703638 150   36450
euc 20171005105850.808495 150   34299
euc 20171005105850.921153 150   11826
euc 20171005105851.023880 150   36691
euc 20171005105851.125224 150   36853
euc 20171005105851.226221 150   35460
euc 20171005105851.331595 150   33408
euc 20171005105851.434921 150   31265
euc 20171005105851.540505 151   32781
euc 20171005105851.645573 151   35847
euc 20171005105851.750404 151   35531
euc 20171005105851.856014 151   33676
euc 20171005105851.960055 151   33445
euc 20171005105852.078686 151   28005
euc 20171005105852.169908 151   31868
euc 20171005105852.283483 151   33612
euc 20171005105852.384740 151   35253
euc 20171005105852.486084 152   33678
euc 20171005105852.596914 152   34802
euc 20171005105852.710006 152   18297
euc 20171005105852.797398 152   25949
euc 20171005105852.906680 152   34830
euc 20171005105853.011663 152   36157
euc 20171005105853.113395 152   33812
euc 20171005105853.227075 152   37315
euc 20171005105853.338092 152   34758
euc 20171005105853.427465 152   37166
euc 20171005105853.533485 153   38662
euc 20171005105853.638680 153   51545
euc 20171005105853.762780 153   44129
euc 20171005105853.849296 153   38549
euc 20171005105853.954722 153   45914
euc 20171005105854.051863 153   28615
euc 20171005105854.168330 153   24770
euc 20171005105854.269335 153   50010
euc 20171005105854.369777 153   41381
euc 20171005105854.476602 154   23897
euc 20171005105854.595285 154   43335
euc 20171005105854.682349 154   28051
euc 20171005105854.790499 154   46018
euc 20171005105854.898130 154   47533
euc 20171005105855.009459 154   53310
euc 20171005105855.105643 154   36562
euc 20171005105855.211214 154   49641
euc 20171005105855.314761 154   47833
euc 20171005105855.422317 154   49642
euc 20171005105855.526246 155   51209
euc 20171005105855.626437 155   49125
euc 20171005105855.736202 155   45624
euc 20171005105855.840006 155   65403
euc 20171005105855.938878 155   37653
euc 20171005105856.059548 155   34526
euc 20171005105856.154486 155   49948
euc 20171005105856.259946 155   50606
euc 20171005105856.359367 155   37962
euc 20171005105856.469590 155   49416
euc 20171005105856.566315 156   30187
euc 20171005105856.679195 156   46386
euc 20171005105856.784300 156   49987
euc 20171005105856.900820 156   46696
euc 20171005105856.993436 156   45785
euc 20171005105857.107778 156   48399
euc 20171005105857.207083 156   26474
euc 20171005105857.309963 156   50078
euc 20171005105857.420840 156   49151
euc 20171005105857.519219 157   29094
euc 20171005105857.623915 157   56239
euc 20171005105857.737910 157   53503
euc 20171005105857.826807 157   38662
euc 20171005105857.937810 157   63841
euc 20171005105858.034521 157   37889
euc 20171005105858.146376 157   59203
euc 20171005105858.245362 157   40040
euc 20171005105858.355384 157   53779
euc 20171005105858.455427 157   40702
euc 20171005105858.577048 158   30368
euc 20171005105858.668917 158   60620
euc 20171005105858.777618 158   45563
euc 20171005105858.880568 158   57981
euc 20171005105858.981162 158   27904
euc 20171005105859.089221 158   48932
euc 20171005105859.191379 158   47262
euc 20171005105859.298153 158   48247
euc 20171005105859.400683 158   30617
euc 20171005105859.508018 159   44283
euc 20171005105859.625354 159   42810
euc 20171005105859.722756 159   42280
euc 20171005105859.825321 159   49743
euc 20171005105859.924777 159   43618
euc 20171005105900.048499 159   42343
euc 20171005105900.135345 159   18817
euc 20171005105900.249822 159   19160
euc 20171005105900.351830 159   40822
euc 20171005105900.453040 159   36078
euc 20171005105900.556948 160   35297
euc 20171005105900.675230 160   32312
euc 20171005105900.766244 160   33082
euc 20171005105900.883295 160   30108
euc 20171005105900.984302 160   33894
euc 20171005105901.098671 160   30332
euc 20171005105901.188772 160   16244
euc 20171005105901.306023 160   18152
euc 20171005105901.397323 160   34675
euc 20171005105901.500803 161   36842
euc 20171005105901.614654 161   37726
euc 20171005105901.717713 161   36210
euc 20171005105901.818790 161   38740
euc 20171005105901.919734 161   38505
euc 20171005105902.024103 161   37393
euc 20171005105902.129152 161   15761
euc 20171005105902.233414 161   35025
euc 20171005105902.340099 161   33717
euc 20171005105902.453328 161   35097
euc 20171005105902.554436 162   34215
euc 20171005105902.655310 162   22388
euc 20171005105902.758554 162   30369
euc 20171005105902.863899 162   29721
euc 20171005105902.975937 162   29939
euc 20171005105903.076916 162   32269
euc 20171005105903.179269 162   30333
euc 20171005105903.283325 162   29897
euc 20171005105903.394230 162   29532
euc 20171005105903.496028 163   32247
euc 20171005105903.598509 163   30729
euc 20171005105903.701771 163   10891
euc 20171005105903.806900 163   29950
euc 20171005105903.911022 163   34423
euc 20171005105904.024798 163   24919
euc 20171005105904.125800 163   35310
euc 20171005105904.226909 163   30849
euc 20171005105904.346250 163   17779
euc 20171005105904.448301 163   21265
euc 20171005105904.549433 164   20805
euc 20171005105904.650287 164   29100
euc 20171005105904.770743 164   12625
euc 20171005105904.862154 164   28890
euc 20171005105904.963003 164   28512
euc 20171005105905.065584 164   26490
euc 20171005105905.168932 164   32306
euc 20171005105905.273652 164   29826
euc 20171005105905.378712 164   28327
euc 20171005105905.506234 165   24465
euc 20171005105905.597563 165   28516
euc 20171005105905.698364 165   27402
euc 20171005105905.799900 165   28797
euc 20171005105905.904734 165   27999
euc 20171005105906.005551 165   14487
euc 20171005105906.120786 165   28155
euc 20171005105906.221885 165   32583
euc 20171005105906.332008 165   12738
euc 20171005105906.434382 165   34429
euc 20171005105906.535622 166   37764
euc 20171005105906.636635 166   39670
euc 20171005105906.750620 166   34327
euc 20171005105906.851602 166   36149
euc 20171005105906.953161 166   37231
euc 20171005105907.056427 166   34951
euc 20171005105907.176338 166   31932
euc 20171005105907.267285 166   34254
euc 20171005105907.371277 166   37696
euc 20171005105907.475718 166   37450
euc 20171005105907.581282 167   41332
euc 20171005105907.685180 167   35362
euc 20171005105907.797438 167   15494
euc 20171005105907.898483 167   39161
euc 20171005105907.999139 167   31136
euc 20171005105908.104301 167   29445
euc 20171005105908.210082 167   30801
euc 20171005105908.314104 167   33462
euc 20171005105908.420592 167   29521
euc 20171005105908.524150 168   28727
euc 20171005105908.641352 168   23032
euc 20171005105908.742193 168   27144
euc 20171005105908.843607 168   28780
euc 20171005105908.944420 168   26631
euc 20171005105909.061865 168   21743
euc 20171005105909.154719 168   28222
euc 20171005105909.258080 168   25866
euc 20171005105909.356950 168    8629
euc 20171005105909.469032 168   29541
euc 20171005105909.579844 169   26781
euc 20171005105909.681894 169   25181
euc 20171005105909.782731 169   30790
euc 20171005105909.901042 169   23990
euc 20171005105909.992039 169   27630
euc 20171005105910.111471 169   20105
euc 20171005105910.202265 169   26943
euc 20171005105910.308084 169   27220
euc 20171005105910.420737 169   26233
euc 20171005105910.521983 170   31717
euc 20171005105910.623239 170   29154
euc 20171005105910.740079 170   33420
euc 20171005105910.841022 170   28721
euc 20171005105910.942183 170   26894
euc 20171005105911.041930 170   10772
euc 20171005105911.149935 170   30986
euc 20171005105911.251886 170   29298
euc 20171005105911.358190 170   28947
euc 20171005105911.461570 170   28122
euc 20171005105911.567990 171   28011
euc 20171005105911.671578 171   31363
euc 20171005105911.785701 171   33200
euc 20171005105911.885636 171   10035
euc 20171005105911.987569 171   31072
euc 20171005105912.091884 171   31303
euc 20171005105912.198002 171   30374
euc 20171005105912.300719 171   30386
euc 20171005105912.413632 171   29261
euc 20171005105912.514389 172   29075
euc 20171005105912.615629 172   37114
euc 20171005105912.715217 172   16531
euc 20171005105912.825297 172   32140
euc 20171005105912.930181 172   29865
euc 20171005105913.037467 172   32058
euc 20171005105913.147947 172   39230
euc 20171005105913.250596 172   30866
euc 20171005105913.351801 172   29777
euc 20171005105913.454746 172   30521
euc 20171005105913.559424 173   30463
euc 20171005105913.663746 173   16479
euc 20171005105913.768075 173   32779
euc 20171005105913.884710 173   29433
euc 20171005105913.986007 173   37639
euc 20171005105914.087057 173   15439
euc 20171005105914.188077 173   35150
euc 20171005105914.291946 173   35570
euc 20171005105914.407832 173   34795
euc 20171005105914.508864 174   36819
euc 20171005105914.610168 174   34390
euc 20171005105914.712175 174   31118
euc 20171005105914.817367 174   34406
euc 20171005105914.933135 174   29245
euc 20171005105915.034493 174   33475
euc 20171005105915.135461 174   46396
euc 20171005105915.232693 174   25852
euc 20171005105915.354574 174   17674
euc 20171005105915.465741 174   33567
euc 20171005105915.556644 175   42797
euc 20171005105915.652716 175   14024
euc 20171005105915.759740 175   32533
euc 20171005105915.864824 175   33335
euc 20171005105915.965435 175    9609
euc 20171005105916.074244 175   32148
euc 20171005105916.179403 175   31522
euc 20171005105916.284733 175   31884
euc 20171005105916.390781 175   35962
euc 20171005105916.504470 176   36778
euc 20171005105916.615580 176   27672
euc 20171005105916.706870 176   31602
euc 20171005105916.809432 176   33753
euc 20171005105916.924593 176   26049
euc 20171005105917.025642 176   33338
euc 20171005105917.126759 176   30117
euc 20171005105917.237500 176   25683
euc 20171005105917.338628 176   30458
euc 20171005105917.439765 176   30354
euc 20171005105917.543228 177   30825
euc 20171005105917.647306 177   29938
euc 20171005105917.761189 177   30202
euc 20171005105917.861987 177   30940
euc 20171005105917.964257 177   29861
euc 20171005105918.067432 177   31387
euc 20171005105918.187045 177   23513
euc 20171005105918.277912 177   32053
euc 20171005105918.390210 177   34968
euc 20171005105918.491251 178   34562
euc 20171005105918.592643 178   32437
euc 20171005105918.710273 178   28773
euc 20171005105918.801522 178   32494
euc 20171005105918.919639 178   27472
euc 20171005105919.010818 178   33568
euc 20171005105919.116037 178   33820
euc 20171005105919.221298 178   38799
euc 20171005105919.321423 178   21082
euc 20171005105919.437684 178   38443
euc 20171005105919.538561 179   36544
euc 20171005105919.639901 179   36551
euc 20171005105919.767320 179   25747
euc 20171005105919.858047 179   36971
euc 20171005105919.959687 179   37406
euc 20171005105920.060672 179   35400
euc 20171005105920.163728 179   39445
euc 20171005105920.275995 179   36731
euc 20171005105920.381986 179   37883
euc 20171005105920.482869 180   17373
euc 20171005105920.584236 180   34905
euc 20171005105920.687314 180   34644
euc 20171005105920.793799 180   35165
euc 20171005105920.896867 180   13780
euc 20171005105921.002825 180   35195
euc 20171005105921.107346 180   36605
euc 20171005105921.211762 180   37769
euc 20171005105921.323712 180   38137
euc 20171005105921.423865 180   36928
euc 20171005105921.526067 181   36407
euc 20171005105921.631594 181   35821
euc 20171005105921.744850 181   33907
euc 20171005105921.846000 181   38260
euc 20171005105921.946782 181   34912
euc 20171005105922.053185 181   17014
euc 20171005105922.155892 181   16236
euc 20171005105922.260960 181   38000
euc 20171005105922.363950 181   34353
euc 20171005105922.480664 182   28018
euc 20171005105922.581768 182   32654
euc 20171005105922.677315 182   11079
euc 20171005105922.793834 182   15212
euc 20171005105922.905050 182   28641
euc 20171005105922.995951 182   30559
euc 20171005105923.099494 182   28234
euc 20171005105923.212870 182   36155
euc 20171005105923.313611 182   38724
euc 20171005105923.414081 182   35177
euc 20171005105923.518612 183   31687
euc 20171005105923.622629 183   27694
euc 20171005105923.728967 183   28317
euc 20171005105923.834394 183   31852
euc 20171005105923.954265 183   20671
euc 20171005105924.044801 183   26570
euc 20171005105924.157560 183   29721
euc 20171005105924.258558 183   29761
euc 20171005105924.370321 183   21930
euc 20171005105924.461341 183   30559
euc 20171005105924.567099 184   31365
euc 20171005105924.671087 184   27976
euc 20171005105924.787263 184   21952
euc 20171005105924.888235 184   28906
euc 20171005105924.989135 184   28788
euc 20171005105925.090139 184   28268
euc 20171005105925.206138 184   27971
euc 20171005105925.308468 184   28974
euc 20171005105925.409514 184   31291
euc 20171005105925.510638 185   27915
euc 20171005105925.628655 185   28841
euc 20171005105925.719905 185   28664
euc 20171005105925.825068 185   29377
euc 20171005105925.923592 185   10062
euc 20171005105926.035350 185   28106
euc 20171005105926.148320 185   31919
euc 20171005105926.249629 185   33524
euc 20171005105926.360289 185   24623
euc 20171005105926.461368 185   33165
euc 20171005105926.562297 186   33523
euc 20171005105926.663404 186   28970
euc 20171005105926.777814 186   30870
euc 20171005105926.879190 186   31629
euc 20171005105926.979972 186   29947
euc 20171005105927.084158 186   27457
euc 20171005105927.187930 186   28606
euc 20171005105927.291944 186   28346
euc 20171005105927.407437 186   30418
euc 20171005105927.508403 187   34197
euc 20171005105927.609625 187   25391
euc 20171005105927.712948 187   29655
euc 20171005105927.816452 187   30033
euc 20171005105927.931016 187   11701
euc 20171005105928.033701 187   32212
euc 20171005105928.145187 187   21336
euc 20171005105928.235944 187   27296
euc 20171005105928.341388 187   28984
euc 20171005105928.456903 187   29884
euc 20171005105928.557676 188   29359
euc 20171005105928.660140 188   31617
euc 20171005105928.761159 188   31295
euc 20171005105928.864958 188   26998
euc 20171005105928.970447 188   31574
euc 20171005105929.074922 188   28667
euc 20171005105929.179602 188   35610
euc 20171005105929.299592 188   31641
euc 20171005105929.400804 188   23949
euc 20171005105929.501858 189   31925
euc 20171005105929.603043 189   33141
euc 20171005105929.704607 189   26942
euc 20171005105929.810143 189   28923
euc 20171005105929.913651 189   29060
euc 20171005105930.018340 189   28808
euc 20171005105930.123072 189   28512
euc 20171005105930.241886 189   20354
euc 20171005105930.332795 189   25452
euc 20171005105930.450590 189   22415
euc 20171005105930.541486 190   29130
euc 20171005105930.646783 190   29959
euc 20171005105930.760895 190   12871
euc 20171005105930.863567 190   32649
euc 20171005105930.964261 190   32175
euc 20171005105931.075571 190   29646
euc 20171005105931.176605 190   30220
euc 20171005105931.291066 190   24010
euc 20171005105931.382355 190   31605
euc 20171005105931.501313 191   21246
euc 20171005105931.592688 191   31188
euc 20171005105931.697536 191   30240
euc 20171005105931.801151 191   13420
euc 20171005105931.907493 191   32731
euc 20171005105932.010393 191   28092
euc 20171005105932.115735 191   30341
euc 20171005105932.220464 191   33000
euc 20171005105932.324730 191   28498
euc 20171005105932.430924 191   19174
euc 20171005105932.536908 192   27403
euc 20171005105932.643790 192   15248
euc 20171005105932.760045 192   24806
euc 20171005105932.851230 192   29969
euc 20171005105932.967938 192   26361
euc 20171005105933.059219 192   29144
euc 20171005105933.163390 192   28901
euc 20171005105933.267577 192   29522
euc 20171005105933.380822 192   11821
euc 20171005105933.483091 193   35307
euc 20171005105933.584823 193   14492
euc 20171005105933.687271 193   31625
euc 20171005105933.806650 193   25320
euc 20171005105933.907743 193   32214
euc 20171005105934.007803 193   12645
euc 20171005105934.109897 193   33961
euc 20171005105934.211851 193   31612
euc 20171005105934.316421 193   31104
euc 20171005105934.423199 193   30675
euc 20171005105934.526327 194   32768
euc 20171005105934.644930 194   30273
euc 20171005105934.735622 194   30583
euc 20171005105934.853990 194   30966
euc 20171005105934.955180 194   25519
euc 20171005105935.056024 194   35223
euc 20171005105935.157302 194   34806
euc 20171005105935.274273 194   24471
euc 20171005105935.365391 194   31173
euc 20171005105935.470201 194   37866
euc 20171005105935.585071 195   37505
euc 20171005105935.685587 195   30889
euc 20171005105935.786868 195   33499
euc 20171005105935.890286 195   32316
euc 20171005105935.991204 195   25729
euc 20171005105936.100443 195   35406
euc 20171005105936.203982 195   32814
euc 20171005105936.309691 195   32449
euc 20171005105936.412731 195   13203
euc 20171005105936.530645 196   24525
euc 20171005105936.629978 196   12366
euc 20171005105936.744872 196   27883
euc 20171005105936.834687 196   12036
euc 20171005105936.948828 196   29164
euc 20171005105937.049580 196   33799
euc 20171005105937.160438 196   28000
euc 20171005105937.251373 196   31024
euc 20171005105937.371417 196   25392
euc 20171005105937.462222 196   35629
euc 20171005105937.566786 197   32005
euc 20171005105937.671125 197   35591
euc 20171005105937.775518 197   16427
euc 20171005105937.880809 197   33535
euc 20171005105937.998335 197   22376
euc 20171005105938.099425 197   32591
euc 20171005105938.213032 197   27170
euc 20171005105938.304079 197   27836
euc 20171005105938.406103 197   27011
euc 20171005105938.510046 198   25286
euc 20171005105938.615291 198   27740
euc 20171005105938.719534 198   25914
euc 20171005105938.933237 198   11179
euc 20171005105938.944552 198   11927
euc 20171005105939.041058 198   32789
euc 20171005105939.142907 198   27927
euc 20171005105939.248098 198    8074
euc 20171005105939.355286 198   27723
euc 20171005105939.456588 198   30091
euc 20171005105939.571171 199   22203
euc 20171005105939.672345 199   32414
euc 20171005105939.773696 199   31690
euc 20171005105939.874861 199   33757
euc 20171005105939.978107 199   29343
euc 20171005105940.091856 199   29916
euc 20171005105940.192899 199   29721
euc 20171005105940.293641 199   29346
euc 20171005105940.407105 199   31004
euc 20171005105940.508159 200   29919
euc 20171005105940.608812 200   31277
euc 20171005105940.711334 200   32722
euc 20171005105940.817513 200   34658
euc 20171005105940.931202 200   33781
euc 20171005105941.032397 200   31877
euc 20171005105941.146311 200   26549
euc 20171005105941.249754 200   25513
euc 20171005105941.349657 200   12927
euc 20171005105941.461640 200   31693
euc 20171005105941.554282 201   33947
euc 20171005105941.655154 201   33281
euc 20171005105941.759676 201   31386
euc 20171005105941.872423 201   15475
euc 20171005105941.973182 201   30714
euc 20171005105942.086568 201   25798
euc 20171005105942.187405 201   32918
euc 20171005105942.288226 201   33240
euc 20171005105942.390081 201   29019
euc 20171005105942.493685 202   30288
euc 20171005105942.601760 202   16382
euc 20171005105942.707793 202   16148
euc 20171005105942.809817 202   34329
euc 20171005105942.926835 202   23697
euc 20171005105943.027994 202   42111
euc 20171005105943.127722 202   12168
euc 20171005105943.229617 202   33007
euc 20171005105943.334876 202   31114
euc 20171005105943.446146 202   31924
euc 20171005105943.547231 203   27484
euc 20171005105943.660942 203   22756
euc 20171005105943.761597 203   30632
euc 20171005105943.862878 203   28452
euc 20171005105943.962720 203   10228
euc 20171005105944.075239 203   22908
euc 20171005105944.186269 203   27238
euc 20171005105944.277327 203   27915
euc 20171005105944.383020 203   27143
euc 20171005105944.485461 204   26001
euc 20171005105944.590687 204   27229
euc 20171005105944.703810 204    9843
euc 20171005105944.805943 204   27882
euc 20171005105944.919237 204   23527
euc 20171005105945.010138 204   27145
euc 20171005105945.114912 204   26426
euc 20171005105945.234082 204   20812
euc 20171005105945.325075 204   27888
euc 20171005105945.443490 204   23268
euc 20171005105945.535087 205   14129
euc 20171005105945.653838 205   22192
euc 20171005105945.754921 205   34992
euc 20171005105945.867146 205   19926
euc 20171005105945.958263 205   32402
euc 20171005105946.071914 205   25833
euc 20171005105946.163163 205   32579
euc 20171005105946.279518 205   28339
euc 20171005105946.380339 205   35025
euc 20171005105946.481487 206   33144
euc 20171005105946.582475 206   28987
euc 20171005105946.702427 206   24009
euc 20171005105946.793642 206   13839
euc 20171005105946.906045 206   31032
euc 20171005105947.007203 206   32246
euc 20171005105947.108053 206   31033
euc 20171005105947.212674 206   32858
euc 20171005105947.317438 206   16428
euc 20171005105947.420960 206   44131
euc 20171005105947.542310 207   32058
euc 20171005105947.643233 207   42446
euc 20171005105947.742814 207   43864
euc 20171005105947.845642 207   37387
euc 20171005105947.946726 207   38228
euc 20171005105948.049909 207   38055
euc 20171005105948.170243 207   32301
euc 20171005105948.257975 207   30494
euc 20171005105948.378617 207   28280
euc 20171005105948.469517 207   37854
euc 20171005105948.573668 208   19908
euc 20171005105948.679176 208   34160
euc 20171005105948.785375 208   33038
euc 20171005105948.888857 208   34965
euc 20171005105949.004759 208   35803
euc 20171005105949.104943 208   35353
euc 20171005105949.211307 208    9036
euc 20171005105949.308338 208   30185
euc 20171005105949.424758 208   22604
euc 20171005105949.525761 209   27980
euc 20171005105949.638441 209   24367
euc 20171005105949.738880 209   25742
euc 20171005105949.840632 209   31759
euc 20171005105949.941851 209   31439
euc 20171005105950.042729 209   29961
euc 20171005105950.146996 209   26468
euc 20171005105950.266556 209   28418
euc 20171005105950.357660 209   30714
euc 20171005105950.475647 209   25053
euc 20171005105950.566174 210   36155
euc 20171005105950.685115 210   27886
euc 20171005105950.776116 210   36666
euc 20171005105950.895527 210   31666
euc 20171005105950.985710 210   42636
euc 20171005105951.104101 210   23964
euc 20171005105951.205137 210   48133
euc 20171005105951.305882 210   42781
euc 20171005105951.405550 210   40624
euc 20171005105951.523772 211   35520
euc 20171005105951.615125 211   36847
euc 20171005105951.734422 211   32581
euc 20171005105951.824473 211   35276
euc 20171005105951.943009 211   29603
euc 20171005105952.034066 211   33551
euc 20171005105952.138508 211   34052
euc 20171005105952.255373 211   35065
euc 20171005105952.356416 211   33930
euc 20171005105952.457654 211   35645
euc 20171005105952.554850 212   20800
euc 20171005105952.662648 212   38569
euc 20171005105952.782272 212   38750
euc 20171005105952.869303 212   25220
euc 20171005105952.988924 212   15593
euc 20171005105953.091329 212   37399
euc 20171005105953.202619 212   34902
euc 20171005105953.290126 212   27150
euc 20171005105953.398222 212   32840
euc 20171005105953.502050 213   34214
euc 20171005105953.618968 213   14046
euc 20171005105953.711491 213   36319
euc 20171005105953.830628 213   32923
euc 20171005105953.921755 213   34274
euc 20171005105954.037260 213   33911
euc 20171005105954.138341 213   35354
euc 20171005105954.239728 213   34305
euc 20171005105954.350797 213   27703
euc 20171005105954.451702 213   13557
euc 20171005105954.552887 214   33540
euc 20171005105954.671119 214   29610
euc 20171005105954.762065 214   31863
euc 20171005105954.865717 214   34271
euc 20171005105954.969114 214   33632
euc 20171005105955.075805 214   40375
euc 20171005105955.179745 214   14660
euc 20171005105955.283572 214   39685
euc 20171005105955.389433 214   32813
euc 20171005105955.505913 215   30737
euc 20171005105955.606810 215   35996
euc 20171005105955.717841 215   28205
euc 20171005105955.808888 215   25009
euc 20171005105955.919232 215   30263
euc 20171005105956.022842 215   33162
euc 20171005105956.123796 215   34737
euc 20171005105956.227984 215   33382
euc 20171005105956.437326 215   33674
euc 20171005105956.471188 215   15272
euc 20171005105956.543343 216   32449
euc 20171005105956.646697 216   12790
euc 20171005105956.751315 216   35904
euc 20171005105956.858401 216   36874
euc 20171005105956.961626 216   37007
euc 20171005105957.066904 216   32751
euc 20171005105957.180419 216   35745
euc 20171005105957.281761 216   37209
euc 20171005105957.382652 216   36497
euc 20171005105957.485271 217   32826
euc 20171005105957.590767 217   33021
euc 20171005105957.711220 217   29979
euc 20171005105957.802120 217   30768
euc 20171005105957.906488 217   31773
euc 20171005105958.020685 217   30876
euc 20171005105958.121986 217   33730
euc 20171005105958.223262 217   32880
euc 20171005105958.325071 217   33487
euc 20171005105958.430024 217   34325
euc 20171005105958.534809 218   18173
euc 20171005105958.638438 218   36246
euc 20171005105958.752145 218   43069
euc 20171005105958.849979 218   31908
euc 20171005105958.964787 218   34153
euc 20171005105959.066835 218   38509
euc 20171005105959.172557 218   15578
euc 20171005105959.280693 218   31955
euc 20171005105959.382086 218   45296
euc 20171005105959.483168 219   39764
euc 20171005105959.582333 219   20466
euc 20171005105959.687702 219   38794
euc 20171005105959.792787 219   16896
euc 20171005105959.906713 219   18463
euc 20171005110000.008677 219   43816
euc 20171005110000.109280 219   38726
euc 20171005110000.213323 219   38860
euc 20171005110000.322848 219   42739
euc 20171005110000.435621 219   41621
euc 20171005110000.522116 220   28655
euc 20171005110000.632390 220   43671
euc 20171005110000.737749 220   21191
euc 20171005110000.847767 220   19617
euc 20171005110000.950631 220   43490
euc 20171005110001.049234 220   36967
euc 20171005110001.155346 220   45102
euc 20171005110001.273539 220   36435
euc 20171005110001.361270 220   45062
euc 20171005110001.483493 221   47289
euc 20171005110001.580522 221   35850
euc 20171005110001.685654 221   46550
euc 20171005110001.782838 221   37300
euc 20171005110001.897507 221   45731
euc 20171005110001.995281 221   37380
euc 20171005110002.104844 221   32988
euc 20171005110002.205992 221   43497
euc 20171005110002.319399 221   26457
euc 20171005110002.421841 221   45708
euc 20171005110002.522974 222   35281
euc 20171005110002.626922 222   45537
euc 20171005110002.724523 222   37130
euc 20171005110002.841605 222   43865
euc 20171005110002.940097 222   21916
euc 20171005110003.043334 222   39797
euc 20171005110003.148068 222   39645
euc 20171005110003.252011 222   43280
euc 20171005110003.367732 222   37646
euc 20171005110003.468566 222   46684
euc 20171005110003.579257 223   46591
euc 20171005110003.667421 223   33425
euc 20171005110003.778845 223   45132
euc 20171005110003.878159 223   40134
euc 20171005110003.990444 223   43590
euc 20171005110004.088265 223   39657
euc 20171005110004.203907 223   38430
euc 20171005110004.305196 223   47133
euc 20171005110004.419585 223   45239
euc 20171005110004.506320 224   27575
euc 20171005110004.616025 224   42771
euc 20171005110004.717747 224   39480
euc 20171005110004.835288 224   34118
euc 20171005110004.935764 224   39557
euc 20171005110005.037058 224   41429
euc 20171005110005.137747 224   38882
euc 20171005110005.245278 224   39128
euc 20171005110005.359126 224   40108
euc 20171005110005.457278 224   20092
euc 20171005110005.561303 225   44463
euc 20171005110005.661443 225   45141
euc 20171005110005.762194 225   18623
euc 20171005110005.887182 225   40123
euc 20171005110005.974733 225   36798
euc 20171005110006.089476 225   46250
euc 20171005110006.187452 225   19823
euc 20171005110006.291556 225   40019
euc 20171005110006.397880 225   43535
euc 20171005110006.509280 226   45418
euc 20171005110006.607456 226   41138
euc 20171005110006.712963 226   40106
euc 20171005110006.818346 226   40091
euc 20171005110006.922007 226   41639
euc 20171005110007.037282 226   45473
euc 20171005110007.135200 226   39634
euc 20171005110007.239555 226   45082
euc 20171005110007.338427 226   18479
euc 20171005110007.454887 226   20981
euc 20171005110007.551853 227   41722
euc 20171005110007.655025 227   41466
euc 20171005110007.766888 227   37144
euc 20171005110007.867387 227   45842
euc 20171005110007.976444 227   48907
euc 20171005110008.075615 227   29668
euc 20171005110008.180866 227   41263
euc 20171005110008.281005 227   39380
euc 20171005110008.388948 227   37692
euc 20171005110008.502150 228   40579
euc 20171005110008.600253 228   38388
euc 20171005110008.704893 228   40690
euc 20171005110008.809252 228   39048
euc 20171005110008.918296 228   24583
euc 20171005110009.034703 228   36629
euc 20171005110009.125672 228   37675
euc 20171005110009.225791 228   38805
euc 20171005110009.332513 228   41158
euc 20171005110009.441968 228   36938
euc 20171005110009.542710 229   39307
euc 20171005110009.648904 229   35996
euc 20171005110009.751315 229   41242
euc 20171005110009.864622 229   22053
